# pxsec-nocuts index      1
 2.545029E-01 3.536306E-01 -1.734351E-05 1.633943E-08
 3.536306E-01 4.913681E-01 -1.639457E-05 1.577325E-08
 4.913681E-01 6.827538E-01 -1.544902E-05 1.486352E-08
 6.827538E-01 9.486833E-01 -1.450346E-05 1.395380E-08
 9.486833E-01 1.318191E+00 -1.355790E-05 1.304408E-08
 1.318191E+00 1.831621E+00 -1.261234E-05 1.213436E-08
 1.831621E+00 2.545029E+00 -1.166679E-05 1.122463E-08
 2.545029E+00 3.536306E+00 -1.072123E-05 1.031491E-08
 3.536306E+00 4.913681E+00 -9.775670E-06 9.405187E-09
 4.913681E+00 6.827538E+00 -8.830112E-06 8.495465E-09
 6.827538E+00 9.486833E+00 -7.884554E-06 7.585742E-09

# pxsec-ptHge10 index      1
 2.545029E-01 3.536306E-01 -1.712882E-05 1.670805E-08
 3.536306E-01 4.913681E-01 -1.619479E-05 1.579696E-08
 4.913681E-01 6.827538E-01 -1.526075E-05 1.488587E-08
 6.827538E-01 9.486833E-01 -1.432672E-05 1.397478E-08
 9.486833E-01 1.318191E+00 -1.339268E-05 1.306369E-08
 1.318191E+00 1.831621E+00 -1.245865E-05 1.215260E-08
 1.831621E+00 2.545029E+00 -1.152461E-05 1.124151E-08
 2.545029E+00 3.536306E+00 -1.059058E-05 1.033042E-08
 3.536306E+00 4.913681E+00 -9.656542E-06 9.419329E-09
 4.913681E+00 6.827538E+00 -8.722507E-06 8.508239E-09
 6.827538E+00 9.486833E+00 -7.788472E-06 7.597148E-09

# pxsec-ptHge15 index      2
 2.545029E-01 3.536306E-01 -1.687264E-05 1.672847E-08
 3.536306E-01 4.913681E-01 -1.595257E-05 1.581626E-08
 4.913681E-01 6.827538E-01 -1.503251E-05 1.490406E-08
 6.827538E-01 9.486833E-01 -1.411244E-05 1.399185E-08
 9.486833E-01 1.318191E+00 -1.319238E-05 1.307965E-08
 1.318191E+00 1.831621E+00 -1.227231E-05 1.216745E-08
 1.831621E+00 2.545029E+00 -1.135225E-05 1.125524E-08
 2.545029E+00 3.536306E+00 -1.043218E-05 1.034304E-08
 3.536306E+00 4.913681E+00 -9.512115E-06 9.430837E-09
 4.913681E+00 6.827538E+00 -8.592050E-06 8.518633E-09
 6.827538E+00 9.486833E+00 -7.671985E-06 7.606429E-09

# pxsec-ptHge20 index      3
 2.545029E-01 3.536306E-01 -1.652608E-05 1.673895E-08
 3.536306E-01 4.913681E-01 -1.562491E-05 1.582617E-08
 4.913681E-01 6.827538E-01 -1.472375E-05 1.491340E-08
 6.827538E-01 9.486833E-01 -1.382258E-05 1.400062E-08
 9.486833E-01 1.318191E+00 -1.292141E-05 1.308785E-08
 1.318191E+00 1.831621E+00 -1.202024E-05 1.217507E-08
 1.831621E+00 2.545029E+00 -1.111908E-05 1.126230E-08
 2.545029E+00 3.536306E+00 -1.021791E-05 1.034952E-08
 3.536306E+00 4.913681E+00 -9.316740E-06 9.436746E-09
 4.913681E+00 6.827538E+00 -8.415573E-06 8.523971E-09
 6.827538E+00 9.486833E+00 -7.514405E-06 7.611196E-09
