# pxsec-nocuts index      0
 2.545029E-01 3.536306E-01 0.17152659D-03 0.13090645D-06
 3.536306E-01 4.913681E-01 0.17701439D-03 0.13544765D-06
 4.913681E-01 6.827538E-01 0.18417540D-03 0.13597097D-06
 6.827538E-01 9.486833E-01 0.19350597D-03 0.13826145D-06
 9.486833E-01 1.318191E+00 0.20543322D-03 0.17524597D-06
 1.318191E+00 1.831621E+00 0.22035961D-03 0.25573705D-06
 1.831621E+00 2.545029E+00 0.23908915D-03 0.50834852D-06
 2.545029E+00 3.536306E+00 0.26118416D-03 0.53156843D-06
 3.536306E+00 4.913681E+00 0.28701813D-03 0.39674601D-06
 4.913681E+00 6.827538E+00 0.31606829D-03 0.41553911D-06
 6.827538E+00 9.486833E+00 0.34688177D-03 0.43536913D-06

# pxsec-ptHge10 index      1
 2.545029E-01 3.536306E-01 0.16892561D-03 0.13086276D-06
 3.536306E-01 4.913681E-01 0.17432234D-03 0.13533982D-06
 4.913681E-01 6.827538E-01 0.18135465D-03 0.13577737D-06
 6.827538E-01 9.486833E-01 0.19052696D-03 0.13808207D-06
 9.486833E-01 1.318191E+00 0.20225621D-03 0.17498856D-06
 1.318191E+00 1.831621E+00 0.21695794D-03 0.25554116D-06
 1.831621E+00 2.545029E+00 0.23543716D-03 0.50883676D-06
 2.545029E+00 3.536306E+00 0.25719896D-03 0.53150303D-06
 3.536306E+00 4.913681E+00 0.28251764D-03 0.39640719D-06
 4.913681E+00 6.827538E+00 0.31110479D-03 0.41540648D-06
 6.827538E+00 9.486833E+00 0.34151373D-03 0.43514635D-06

# pxsec-ptHge15 index      2
 2.545029E-01 3.536306E-01 0.16575141D-03 0.13011516D-06
 3.536306E-01 4.913681E-01 0.17103756D-03 0.13466919D-06
 4.913681E-01 6.827538E-01 0.17794112D-03 0.13519853D-06
 6.827538E-01 9.486833E-01 0.18694676D-03 0.13755113D-06
 9.486833E-01 1.318191E+00 0.19846157D-03 0.17432136D-06
 1.318191E+00 1.831621E+00 0.21286317D-03 0.25531536D-06
 1.831621E+00 2.545029E+00 0.23093303D-03 0.50570151D-06
 2.545029E+00 3.536306E+00 0.25223304D-03 0.52898327D-06
 3.536306E+00 4.913681E+00 0.27703816D-03 0.39509077D-06
 4.913681E+00 6.827538E+00 0.30515113D-03 0.41423627D-06
 6.827538E+00 9.486833E+00 0.33502929D-03 0.43590479D-06

# pxsec-ptHge20 index      3
 2.545029E-01 3.536306E-01 0.16152928D-03 0.12932711D-06
 3.536306E-01 4.913681E-01 0.16667751D-03 0.13366686D-06
 4.913681E-01 6.827538E-01 0.17336223D-03 0.13526016D-06
 6.827538E-01 9.486833E-01 0.18212119D-03 0.13704467D-06
 9.486833E-01 1.318191E+00 0.19335170D-03 0.17397490D-06
 1.318191E+00 1.831621E+00 0.20742314D-03 0.25283722D-06
 1.831621E+00 2.545029E+00 0.22505834D-03 0.50190692D-06
 2.545029E+00 3.536306E+00 0.24590217D-03 0.52499006D-06
 3.536306E+00 4.913681E+00 0.27017309D-03 0.39533991D-06
 4.913681E+00 6.827538E+00 0.29748845D-03 0.41278450D-06
 6.827538E+00 9.486833E+00 0.32649966D-03 0.43229297D-06
