# pxsec-nocuts index      0
 0.25450290D+00 0.35363060D+00 0.18887010D-03 0.13192223D-06
 0.35363060D+00 0.49136810D+00 0.19340896D-03 0.13636298D-06
 0.49136810D+00 0.68275380D+00 0.19962442D-03 0.13678095D-06
 0.68275380D+00 0.94868330D+00 0.20800943D-03 0.13896380D-06
 0.94868330D+00 0.13181910D+01 0.21899112D-03 0.17573075D-06
 0.13181910D+01 0.18316210D+01 0.23297195D-03 0.25602477D-06
 0.18316210D+01 0.25450290D+01 0.25075594D-03 0.50847243D-06
 0.25450290D+01 0.35363060D+01 0.27190539D-03 0.53166850D-06
 0.35363060D+01 0.49136810D+01 0.29679380D-03 0.39685747D-06
 0.49136810D+01 0.68275380D+01 0.32489840D-03 0.41562594D-06
 0.68275380D+01 0.94868330D+01 0.35476632D-03 0.43543521D-06

# pxsec-ptHge10 index      1
 0.25450290D+00 0.35363060D+00 0.18605443D-03 0.13192506D-06
 0.35363060D+00 0.49136810D+00 0.19051713D-03 0.13625862D-06
 0.49136810D+00 0.68275380D+00 0.19661540D-03 0.13659093D-06
 0.68275380D+00 0.94868330D+00 0.20485368D-03 0.13878744D-06
 0.94868330D+00 0.13181910D+01 0.21564889D-03 0.17547551D-06
 0.13181910D+01 0.18316210D+01 0.22941659D-03 0.25582996D-06
 0.18316210D+01 0.25450290D+01 0.24696177D-03 0.50896092D-06
 0.25450290D+01 0.35363060D+01 0.26778954D-03 0.53160341D-06
 0.35363060D+01 0.49136810D+01 0.29217418D-03 0.39651908D-06
 0.49136810D+01 0.68275380D+01 0.31982730D-03 0.41549360D-06
 0.68275380D+01 0.94868330D+01 0.34930220D-03 0.43521266D-06

# pxsec-ptHge15 index      2
 0.25450290D+00 0.35363060D+00 0.18262405D-03 0.13118611D-06
 0.35363060D+00 0.49136810D+00 0.18699013D-03 0.13559478D-06
 0.49136810D+00 0.68275380D+00 0.19297363D-03 0.13601755D-06
 0.68275380D+00 0.94868330D+00 0.20105920D-03 0.13826093D-06
 0.94868330D+00 0.13181910D+01 0.21165395D-03 0.17481137D-06
 0.13181910D+01 0.18316210D+01 0.22513548D-03 0.25560512D-06
 0.18316210D+01 0.25450290D+01 0.24228528D-03 0.50582675D-06
 0.25450290D+01 0.35363060D+01 0.26266522D-03 0.52908438D-06
 0.35363060D+01 0.49136810D+01 0.28655028D-03 0.39520331D-06
 0.49136810D+01 0.68275380D+01 0.31374318D-03 0.41432385D-06
 0.68275380D+01 0.94868330D+01 0.34270128D-03 0.43597115D-06

# pxsec-ptHge20 index      3
 0.25450290D+00 0.35363060D+00 0.17805536D-03 0.13040588D-06
 0.35363060D+00 0.49136810D+00 0.18230242D-03 0.13460051D-06
 0.49136810D+00 0.68275380D+00 0.18808598D-03 0.13607983D-06
 0.68275380D+00 0.94868330D+00 0.19594377D-03 0.13775797D-06
 0.94868330D+00 0.13181910D+01 0.20627311D-03 0.17446649D-06
 0.13181910D+01 0.18316210D+01 0.21944338D-03 0.25313019D-06
 0.18316210D+01 0.25450290D+01 0.23617742D-03 0.50203326D-06
 0.25450290D+01 0.35363060D+01 0.25612008D-03 0.52509206D-06
 0.35363060D+01 0.49136810D+01 0.27948983D-03 0.39545252D-06
 0.49136810D+01 0.68275380D+01 0.30590402D-03 0.41287250D-06
 0.68275380D+01 0.94868330D+01 0.33401407D-03 0.43235997D-06
