# pxsec-nocuts index      0
 0.25450290D+00 0.35363060D+00 0.19340896D-03 0.13636298D-06
 0.35363060D+00 0.49136810D+00 0.19340896D-03 0.13636298D-06
 0.49136810D+00 0.68275380D+00 0.19340896D-03 0.13636298D-06
 0.68275380D+00 0.94868330D+00 0.19340896D-03 0.13636298D-06
 0.94868330D+00 0.13181910D+01 0.19340896D-03 0.13636298D-06
 0.13181910D+01 0.18316210D+01 0.19340896D-03 0.13636298D-06
 0.18316210D+01 0.25450290D+01 0.19340896D-03 0.13636298D-06
 0.25450290D+01 0.35363060D+01 0.19340896D-03 0.13636298D-06
 0.35363060D+01 0.49136810D+01 0.19340896D-03 0.13636298D-06
 0.49136810D+01 0.68275380D+01 0.19340896D-03 0.13636298D-06
 0.68275380D+01 0.94868330D+01 0.19340896D-03 0.13636298D-06
 
# pxsec-ptHge10 index      1
 0.25450290D+00 0.35363060D+00 0.19051713D-03 0.13625862D-06
 0.35363060D+00 0.49136810D+00 0.19051713D-03 0.13625862D-06
 0.49136810D+00 0.68275380D+00 0.19051713D-03 0.13625862D-06
 0.68275380D+00 0.94868330D+00 0.19051713D-03 0.13625862D-06
 0.94868330D+00 0.13181910D+01 0.19051713D-03 0.13625862D-06
 0.13181910D+01 0.18316210D+01 0.19051713D-03 0.13625862D-06
 0.18316210D+01 0.25450290D+01 0.19051713D-03 0.13625862D-06
 0.25450290D+01 0.35363060D+01 0.19051713D-03 0.13625862D-06
 0.35363060D+01 0.49136810D+01 0.19051713D-03 0.13625862D-06
 0.49136810D+01 0.68275380D+01 0.19051713D-03 0.13625862D-06
 0.68275380D+01 0.94868330D+01 0.19051713D-03 0.13625862D-06
 
# pxsec-ptHge15 index      2
 0.25450290D+00 0.35363060D+00 0.18699013D-03 0.13559478D-06
 0.35363060D+00 0.49136810D+00 0.18699013D-03 0.13559478D-06
 0.49136810D+00 0.68275380D+00 0.18699013D-03 0.13559478D-06
 0.68275380D+00 0.94868330D+00 0.18699013D-03 0.13559478D-06
 0.94868330D+00 0.13181910D+01 0.18699013D-03 0.13559478D-06
 0.13181910D+01 0.18316210D+01 0.18699013D-03 0.13559478D-06
 0.18316210D+01 0.25450290D+01 0.18699013D-03 0.13559478D-06
 0.25450290D+01 0.35363060D+01 0.18699013D-03 0.13559478D-06
 0.35363060D+01 0.49136810D+01 0.18699013D-03 0.13559478D-06
 0.49136810D+01 0.68275380D+01 0.18699013D-03 0.13559478D-06
 0.68275380D+01 0.94868330D+01 0.18699013D-03 0.13559478D-06

# pxsec-ptHge20 index      3
 0.25450290D+00 0.35363060D+00 0.18230242D-03 0.13460051D-06
 0.35363060D+00 0.49136810D+00 0.18230242D-03 0.13460051D-06
 0.49136810D+00 0.68275380D+00 0.18230242D-03 0.13460051D-06
 0.68275380D+00 0.94868330D+00 0.18230242D-03 0.13460051D-06
 0.94868330D+00 0.13181910D+01 0.18230242D-03 0.13460051D-06
 0.13181910D+01 0.18316210D+01 0.18230242D-03 0.13460051D-06
 0.18316210D+01 0.25450290D+01 0.18230242D-03 0.13460051D-06
 0.25450290D+01 0.35363060D+01 0.18230242D-03 0.13460051D-06
 0.35363060D+01 0.49136810D+01 0.18230242D-03 0.13460051D-06
 0.49136810D+01 0.68275380D+01 0.18230242D-03 0.13460051D-06
 0.68275380D+01 0.94868330D+01 0.18230242D-03 0.13460051D-06
