# xsec-nocuts index      0
030 030 -.34812799D+00 0.29044777D-02
042 042 -.29465706D+00 0.28491015D-02
058 058 -.23527292D+00 0.13291926D-02
080 080 -.18612711D+00 0.87852497D-03
112 112 -.14518903D+00 0.58093138D-03
155 155 -.11125101D+00 0.54486843D-03
216 216 -.81869351D-01 0.70088148D-03
300 300 -.59442965D-01 0.52240485D-03
417 417 -.40710791D-01 0.20593525D-03
579 579 -.26698061D-01 0.12080427D-03
805 805 -.16374691D-01 0.67174444D-04

# xsec-ptHge10 index      1
030 030 -.93985662D-01 0.24529143D-02
042 042 -.92817757D-01 0.26406760D-02
058 058 -.78413306D-01 0.11532494D-02
080 080 -.67709562D-01 0.78887808D-03
112 112 -.58378467D-01 0.49480891D-03
155 155 -.50237311D-01 0.48710012D-03
216 216 -.41158123D-01 0.64217161D-03
300 300 -.33746862D-01 0.47635993D-03
417 417 -.26000318D-01 0.18719967D-03
579 579 -.18903657D-01 0.11415339D-03
805 805 -.12731954D-01 0.69198720D-04

# xsec-ptHge15 index      2
030 030 -.61366059D-01 0.23250494D-02
042 042 -.63312081D-01 0.25612402D-02
058 058 -.52008448D-01 0.11072448D-02
080 080 -.45299914D-01 0.74161097D-03
112 112 -.39252059D-01 0.47010564D-03
155 155 -.34048676D-01 0.45415622D-03
216 216 -.27838505D-01 0.60943972D-03
300 300 -.23466727D-01 0.45284864D-03
417 417 -.18595476D-01 0.17231990D-03
579 579 -.14038341D-01 0.11228876D-03
805 805 -.99670750D-02 0.64124077D-04

# xsec-ptHge20 index      3
030 030 -.41566093D-01 0.21523575D-02
042 042 -.45183276D-01 0.24541356D-02
058 058 -.36320420D-01 0.10337193D-02
080 080 -.31814934D-01 0.71311144D-03
112 112 -.27546621D-01 0.44133341D-03
155 155 -.23919267D-01 0.43506524D-03
216 216 -.19728377D-01 0.57482494D-03
300 300 -.16838766D-01 0.41933802D-03
417 417 -.13414152D-01 0.16440130D-03
579 579 -.10406677D-01 0.98116001D-04
805 805 -.75522159D-02 0.60683782D-04
